FISH-QUANT	v3a
File-version	3D_v1
RESULTS OF SPOT DETECTION PERFORMED ON 22-May-2019 
COMMENT	ByMATLABscript
IMG_Raw	alternative_w4_Spn4.tif
IMG_Filtered	alternative_Filtered_w4_Spn4.tif
IMG_DAPI	
IMG_TS_label	
FILE_settings	
PARAMETERS	
Pix-XY	Pix-Z	RI	Ex	Em	NA	Type
49	250	1.518	554	568	1.4	confocal
CELL_START	Cell_1
X_POS	747	798	840	932	1036	1152	1188	1238	1261	1317	1289	1224	1189	505	442	349	196	85	1	3	3	7	85	136	178	226	286	369	417	480	525	597	666	708	
Y_POS	1140	1167	1197	1244	1276	1284	1340	1332	1337	1354	1388	1479	1514	1513	1498	1468	1456	1369	1237	1029	903	751	808	826	850	877	910	993	1008	1032	1065	1098	1119	1143	
Z_POS	
CELL_END
CELL_START	Cell_2
X_POS	242	300	369	441	540	612	765	912	1035	1206	1275	1326	1468	1328	1242	1188	1152	1044	930	849	753	717	594	525	477	381	288	147	81	8	6	12	14	30	26	38	46	60	196	
Y_POS	535	559	603	648	690	747	810	879	918	984	1014	1080	1116	1356	1332	1338	1281	1272	1245	1200	1140	1143	1095	1065	1029	996	912	831	807	755	727	697	667	631	597	547	491	432	515	
Z_POS	
CELL_END
CELL_START	Cell_3
X_POS	150	273	444	627	777	990	1131	1290	1467	1509	1509	1461	1455	1329	1281	1083	939	777	624	534	393	291	171	63	105	
Y_POS	222	300	357	420	513	594	663	720	786	831	1005	1125	1113	1083	1020	936	885	816	750	690	624	555	501	438	330	
Z_POS	
CELL_END
CELL_START	Cell_4
X_POS	234	411	561	741	993	1104	1353	1512	1512	1512	1464	1290	1140	1011	885	777	615	435	291	156	159	192	
Y_POS	12	78	132	180	285	366	438	498	678	834	786	723	669	603	552	516	414	354	309	228	180	87	
Z_POS	
CELL_END
